#! FIELDS time alpha
 0.000000 14.835567
 1.000000 14.773164
 2.000000 14.673235
 3.000000 14.992223
 4.000000 14.916150
 5.000000 14.985369
 6.000000 14.970692
 7.000000 14.965216
 8.000000 14.996293
 9.000000 14.996125
 10.000000 14.994845
 11.000000 14.993700
 12.000000 14.983968
 13.000000 14.647861
 14.000000 14.995957
 15.000000 14.996122
 16.000000 14.992584
 17.000000 14.986169
 18.000000 14.996064
 19.000000 14.984996
 20.000000 14.996327
 21.000000 14.977187
 22.000000 14.988290
 23.000000 14.991938
 24.000000 14.400975
 25.000000 14.160883
 26.000000 13.066399
 27.000000 12.465653
 28.000000 12.399225
 29.000000 11.187138
 30.000000 12.216447
 31.000000 11.579054
 32.000000 12.677636
 33.000000 14.114666
 34.000000 14.224568
 35.000000 13.736946
 36.000000 13.330565
 37.000000 13.377553
 38.000000 13.849166
 39.000000 14.709191
 40.000000 14.598883
 41.000000 14.562310
 42.000000 14.167193
 43.000000 14.769726
 44.000000 14.990636
 45.000000 14.992339
 46.000000 14.987417
 47.000000 14.917407
 48.000000 12.589157
 49.000000 14.922059
 50.000000 14.881131
 51.000000 14.573114
 52.000000 14.783993
 53.000000 14.047031
 54.000000 13.992344
 55.000000 13.649348
 56.000000 13.464990
 57.000000 13.210949
 58.000000 12.206757
 59.000000 11.444563
 60.000000 13.079158
 61.000000 12.600776
 62.000000 12.922019
 63.000000 12.309909
 64.000000 12.166448
 65.000000 13.559950
 66.000000 13.501416
 67.000000 13.443227
 68.000000 13.264345
 69.000000 14.048963
 70.000000 14.147312
 71.000000 14.077671
 72.000000 14.202381
 73.000000 14.174957
 74.000000 14.170070
 75.000000 13.546832
 76.000000 13.179274
 77.000000 13.181989
 78.000000 13.405387
 79.000000 14.148614
 80.000000 14.170399
 81.000000 14.209783
 82.000000 14.123918
 83.000000 14.137623
 84.000000 14.134522
 85.000000 14.248274
 86.000000 14.165741
 87.000000 14.069682
 88.000000 14.193003
 89.000000 14.066974
 90.000000 14.094947
 91.000000 14.103464
 92.000000 14.121085
 93.000000 13.990379
 94.000000 13.884358
 95.000000 13.164875
 96.000000 12.923319
 97.000000 12.917148
 98.000000 12.076974
 99.000000 13.095022
 100.000000 12.391163
 101.000000 13.088932
 102.000000 12.650468
 103.000000 12.392142
 104.000000 12.521008
 105.000000 12.089843
 106.000000 12.744129
 107.000000 12.909218
 108.000000 13.225021
 109.000000 13.279899
 110.000000 13.206103
 111.000000 13.908712
 112.000000 12.950555
 113.000000 11.987863
 114.000000 13.165827
 115.000000 13.319789
 116.000000 13.272690
 117.000000 13.317619
 118.000000 13.407609
 119.000000 12.700351
 120.000000 12.947905
 121.000000 12.938415
 122.000000 13.108070
 123.000000 13.131821
 124.000000 13.159050
 125.000000 13.198172
 126.000000 13.525896
 127.000000 13.523569
 128.000000 12.998998
 129.000000 13.132741
 130.000000 11.402360
 131.000000 12.697034
 132.000000 12.569937
 133.000000 12.962964
 134.000000 12.543332
 135.000000 12.458471
 136.000000 12.268435
 137.000000 11.370752
 138.000000 11.430609
 139.000000 11.920292
 140.000000 11.636714
 141.000000 11.766183
 142.000000 11.051082
 143.000000 10.713911
 144.000000 9.955325
 145.000000 9.996304
 146.000000 9.397721
 147.000000 8.875837
 148.000000 9.209339
 149.000000 8.383463
 150.000000 8.704603
 151.000000 8.623598
 152.000000 9.844343
 153.000000 9.545547
 154.000000 9.260150
 155.000000 9.850603
 156.000000 9.364931
 157.000000 10.072386
 158.000000 9.558660
 159.000000 9.034459
 160.000000 9.343023
 161.000000 9.020817
 162.000000 9.692845
 163.000000 9.071935
 164.000000 10.049761
 165.000000 10.472067
 166.000000 8.892868
 167.000000 8.557751
 168.000000 9.476390
 169.000000 9.491828
 170.000000 9.222424
 171.000000 9.074659
 172.000000 9.479434
 173.000000 9.241755
 174.000000 9.804622
 175.000000 9.127747
 176.000000 10.185391
 177.000000 9.448501
 178.000000 9.029542
 179.000000 9.269927
 180.000000 9.173996
 181.000000 8.808783
 182.000000 9.479656
 183.000000 9.103258
 184.000000 9.540517
 185.000000 9.453645
 186.000000 8.969861
 187.000000 9.624287
 188.000000 9.105584
 189.000000 9.520652
 190.000000 9.792570
 191.000000 9.342362
 192.000000 9.397317
 193.000000 9.242119
 194.000000 9.243053
 195.000000 9.534485
 196.000000 9.691166
 197.000000 9.454055
 198.000000 9.605200
 199.000000 9.706009
 200.000000 9.153340
 201.000000 9.809039
 202.000000 9.564157
 203.000000 9.589900
 204.000000 9.553192
 205.000000 9.574480
 206.000000 9.307215
 207.000000 9.571699
 208.000000 9.616875
 209.000000 9.521757
 210.000000 9.554952
 211.000000 9.533918
 212.000000 9.658309
 213.000000 9.663119
 214.000000 9.646607
 215.000000 9.629536
 216.000000 9.549169
 217.000000 9.185927
 218.000000 9.258497
 219.000000 9.644229
 220.000000 9.639422
 221.000000 9.618027
 222.000000 9.598310
 223.000000 9.278137
 224.000000 9.328355
 225.000000 9.228589
 226.000000 8.666326
 227.000000 9.033184
 228.000000 9.686048
 229.000000 9.310982
 230.000000 9.864576
 231.000000 9.501720
 232.000000 9.728674
 233.000000 9.780509
 234.000000 10.012666
 235.000000 10.011564
 236.000000 9.771212
 237.000000 9.792158
 238.000000 9.637793
 239.000000 9.599994
 240.000000 9.673215
 241.000000 9.569881
 242.000000 9.822139
 243.000000 9.710621
 244.000000 10.186673
 245.000000 9.706136
 246.000000 9.924729
 247.000000 9.837470
 248.000000 9.612191
 249.000000 9.800698
 250.000000 11.485680
 251.000000 11.319002
 252.000000 12.087492
 253.000000 9.603312
 254.000000 9.934281
 255.000000 9.963473
 256.000000 10.250541
 257.000000 10.280800
 258.000000 10.264468
 259.000000 10.167518
 260.000000 9.444405
 261.000000 9.588068
 262.000000 9.490264
 263.000000 9.378212
 264.000000 9.278686
 265.000000 9.186658
 266.000000 6.917297
 267.000000 4.497232
 268.000000 6.687008
 269.000000 5.313681
 270.000000 5.706026
 271.000000 4.636595
 272.000000 6.189108
 273.000000 4.676401
 274.000000 4.905527
 275.000000 4.965750
 276.000000 5.071857
 277.000000 6.501226
 278.000000 6.698002
 279.000000 6.873581
 280.000000 6.606295
 281.000000 6.553813
 282.000000 6.592074
 283.000000 6.567538
 284.000000 6.638292
 285.000000 6.522320
 286.000000 6.721447
 287.000000 6.633703
 288.000000 6.447451
 289.000000 6.590963
 290.000000 6.610092
 291.000000 6.355735
 292.000000 6.465608
 293.000000 6.374214
 294.000000 6.590894
 295.000000 6.143266
 296.000000 6.333430
 297.000000 6.461263
 298.000000 4.610739
 299.000000 5.105124
 300.000000 4.598438
 301.000000 4.640395
 302.000000 4.971609
 303.000000 4.357939
 304.000000 4.102963
 305.000000 4.465461
 306.000000 4.807277
 307.000000 5.118856
 308.000000 4.213276
 309.000000 4.076490
 310.000000 4.209146
 311.000000 4.582840
 312.000000 4.496122
 313.000000 5.799907
 314.000000 5.226591
 315.000000 5.431129
 316.000000 5.113875
 317.000000 5.900258
 318.000000 6.777870
 319.000000 5.897837
 320.000000 5.449724
 321.000000 5.453194
 322.000000 3.902061
 323.000000 5.006207
 324.000000 6.142318
 325.000000 4.972698
 326.000000 6.073616
 327.000000 6.380348
 328.000000 6.383271
 329.000000 6.522694
 330.000000 6.455516
 331.000000 4.593730
 332.000000 5.051092
 333.000000 6.763506
 334.000000 7.409481
 335.000000 7.219827
 336.000000 7.570672
 337.000000 6.826865
 338.000000 7.431386
 339.000000 7.276235
 340.000000 5.517113
 341.000000 4.023315
 342.000000 4.619411
 343.000000 4.052397
 344.000000 5.670236
 345.000000 5.082893
 346.000000 5.681967
 347.000000 6.857875
 348.000000 6.021047
 349.000000 6.959217
 350.000000 6.886344
 351.000000 6.803044
 352.000000 7.257415
 353.000000 6.840610
 354.000000 6.570286
 355.000000 4.791790
 356.000000 3.536076
 357.000000 3.691517
 358.000000 4.628082
 359.000000 2.521650
 360.000000 2.834800
 361.000000 3.810060
 362.000000 3.574895
 363.000000 3.742738
 364.000000 2.519616
 365.000000 2.021137
 366.000000 2.769939
 367.000000 3.700127
 368.000000 2.722204
 369.000000 2.273901
 370.000000 2.209005
 371.000000 2.487404
 372.000000 1.539389
 373.000000 1.629112
 374.000000 2.189067
 375.000000 2.173770
 376.000000 2.319096
 377.000000 2.614993
 378.000000 1.531670
 379.000000 1.610846
 380.000000 1.986263
 381.000000 0.851352
 382.000000 0.690046
 383.000000 1.346988
 384.000000 1.101545
 385.000000 1.778667
 386.000000 1.502682
 387.000000 1.173646
 388.000000 1.457038
 389.000000 1.324945
 390.000000 1.139743
 391.000000 0.933274
 392.000000 0.928224
 393.000000 0.697890
 394.000000 0.705665
 395.000000 2.471491
 396.000000 2.874349
 397.000000 2.597619
 398.000000 2.991358
 399.000000 3.049985
 400.000000 3.064072
 401.000000 2.866348
 402.000000 2.777297
 403.000000 2.893053
 404.000000 3.106310
 405.000000 3.429183
 406.000000 4.095512
 407.000000 2.386651
 408.000000 2.937518
 409.000000 2.927746
 410.000000 3.144527
 411.000000 2.457067
 412.000000 1.923898
 413.000000 2.887415
 414.000000 3.962855
 415.000000 2.530479
 416.000000 1.904647
 417.000000 2.468738
 418.000000 3.186322
 419.000000 2.945487
 420.000000 1.703510
 421.000000 1.721274
 422.000000 1.139111
 423.000000 1.513777
 424.000000 1.425179
 425.000000 1.523392
 426.000000 2.109845
 427.000000 1.932953
 428.000000 1.845998
 429.000000 2.334280
 430.000000 2.539988
 431.000000 1.250803
 432.000000 4.152255
 433.000000 4.850588
 434.000000 5.097697
 435.000000 3.033263
 436.000000 3.953453
 437.000000 4.277148
 438.000000 3.278244
 439.000000 2.979645
 440.000000 4.279243
 441.000000 3.977698
 442.000000 4.348487
 443.000000 4.031892
 444.000000 4.316088
 445.000000 3.832682
 446.000000 3.343207
 447.000000 4.177197
 448.000000 2.006842
 449.000000 2.561112
 450.000000 3.536975
 451.000000 3.097209
 452.000000 3.889165
 453.000000 3.527469
 454.000000 3.455910
 455.000000 2.907259
 456.000000 1.850036
 457.000000 1.361649
 458.000000 1.309826
 459.000000 2.782619
 460.000000 5.428406
 461.000000 5.490311
 462.000000 5.603901
 463.000000 5.478141
 464.000000 5.517987
 465.000000 5.535989
 466.000000 5.516799
 467.000000 5.445627
 468.000000 5.604019
 469.000000 5.712134
 470.000000 5.388369
 471.000000 5.538701
 472.000000 5.801559
 473.000000 5.746938
 474.000000 5.737100
 475.000000 5.785240
 476.000000 5.667958
 477.000000 5.782764
 478.000000 5.417368
 479.000000 5.593389
 480.000000 5.828432
 481.000000 5.662797
 482.000000 6.348090
 483.000000 6.682426
 484.000000 6.517768
 485.000000 5.658579
 486.000000 6.502381
 487.000000 6.424847
 488.000000 6.827541
 489.000000 6.846303
 490.000000 6.807181
 491.000000 6.565606
 492.000000 6.450003
 493.000000 6.554651
 494.000000 6.024027
 495.000000 5.902799
 496.000000 5.928556
 497.000000 5.772100
 498.000000 5.934841
 499.000000 5.904099
 500.000000 5.410570
 501.000000 4.279652
 502.000000 4.011951
 503.000000 3.505537
 504.000000 3.426760
 505.000000 3.998242
 506.000000 4.704768
 507.000000 4.811897
 508.000000 5.008738
 509.000000 5.242791
 510.000000 5.264376
 511.000000 4.061685
 512.000000 4.611001
 513.000000 5.041062
 514.000000 4.756999
 515.000000 4.649351
 516.000000 4.845604
 517.000000 4.688177
 518.000000 5.130947
 519.000000 4.865183
 520.000000 3.941711
 521.000000 2.992994
 522.000000 3.561558
 523.000000 3.052001
 524.000000 2.933489
 525.000000 1.718349
 526.000000 1.849062
 527.000000 2.769602
 528.000000 2.791620
 529.000000 3.663038
 530.000000 2.379655
 531.000000 3.323754
 532.000000 2.543314
 533.000000 2.653295
 534.000000 3.549459
 535.000000 2.535046
 536.000000 3.596185
 537.000000 2.966066
 538.000000 3.024081
 539.000000 2.992671
 540.000000 3.568586
 541.000000 3.235344
 542.000000 3.326794
 543.000000 3.711523
 544.000000 2.595884
 545.000000 3.677566
 546.000000 3.449383
 547.000000 3.038233
 548.000000 3.430159
 549.000000 3.233221
 550.000000 3.540271
 551.000000 3.611329
 552.000000 3.775639
 553.000000 3.578060
 554.000000 3.650732
 555.000000 3.389438
 556.000000 3.995907
 557.000000 3.814096
 558.000000 3.851468
 559.000000 3.593641
 560.000000 3.770364
 561.000000 3.713854
 562.000000 3.858660
 563.000000 3.613477
 564.000000 3.290091
 565.000000 3.588957
 566.000000 3.630475
 567.000000 3.729126
 568.000000 3.691676
 569.000000 3.806955
 570.000000 3.917401
 571.000000 3.778990
 572.000000 3.653271
 573.000000 3.731885
 574.000000 3.829626
 575.000000 3.575048
 576.000000 3.765513
 577.000000 3.941685
 578.000000 3.781725
 579.000000 3.749328
 580.000000 3.470077
 581.000000 3.621420
 582.000000 3.624759
 583.000000 3.822533
 584.000000 3.532925
 585.000000 3.310307
 586.000000 3.021766
 587.000000 3.684741
 588.000000 3.550733
 589.000000 3.919516
 590.000000 3.806841
 591.000000 3.663905
 592.000000 3.686367
 593.000000 2.743451
 594.000000 3.571693
 595.000000 3.457082
 596.000000 3.596117
 597.000000 3.650789
 598.000000 3.704980
 599.000000 3.661830
 600.000000 3.761563
 601.000000 3.720022
 602.000000 3.641364
 603.000000 3.712695
 604.000000 3.688071
 605.000000 3.655448
 606.000000 3.649940
 607.000000 3.666384
 608.000000 3.691108
 609.000000 3.728916
 610.000000 3.589784
 611.000000 3.580730
 612.000000 3.422324
 613.000000 3.520168
 614.000000 3.572729
 615.000000 3.625609
 616.000000 3.584486
 617.000000 3.635533
 618.000000 3.560611
 619.000000 3.641973
 620.000000 3.406564
 621.000000 3.582314
 622.000000 3.584083
 623.000000 3.446013
 624.000000 3.574809
 625.000000 3.569255
 626.000000 3.649839
 627.000000 2.130058
 628.000000 3.069308
 629.000000 3.219351
 630.000000 3.733154
 631.000000 3.740300
 632.000000 3.632186
 633.000000 3.454762
 634.000000 3.645183
 635.000000 3.717644
 636.000000 2.997277
 637.000000 3.451300
 638.000000 3.537516
 639.000000 3.614367
 640.000000 3.494492
 641.000000 3.525211
 642.000000 3.789060
 643.000000 3.736167
 644.000000 3.611228
 645.000000 3.730722
 646.000000 3.942342
 647.000000 3.956319
 648.000000 3.604464
 649.000000 3.762610
 650.000000 3.604013
 651.000000 3.504401
 652.000000 2.790678
 653.000000 3.487677
 654.000000 3.225376
 655.000000 3.706154
 656.000000 3.413639
 657.000000 3.903089
 658.000000 3.872935
 659.000000 3.741029
 660.000000 3.705523
 661.000000 3.506939
 662.000000 3.491818
 663.000000 3.576027
 664.000000 3.541845
 665.000000 3.635895
 666.000000 3.711658
 667.000000 3.650251
 668.000000 3.735247
 669.000000 3.672082
 670.000000 3.580383
 671.000000 3.654365
 672.000000 3.452967
 673.000000 3.811895
 674.000000 2.872435
 675.000000 3.763680
 676.000000 3.627488
 677.000000 3.438684
 678.000000 3.563412
 679.000000 3.547748
 680.000000 3.643237
 681.000000 3.480192
 682.000000 3.383371
 683.000000 3.553571
 684.000000 1.956566
 685.000000 1.836574
 686.000000 2.901850
 687.000000 2.293255
 688.000000 2.075010
 689.000000 2.186992
 690.000000 2.665334
 691.000000 1.858269
 692.000000 1.579891
 693.000000 1.746659
 694.000000 1.392329
 695.000000 1.004321
 696.000000 0.725949
 697.000000 1.351464
 698.000000 1.101968
 699.000000 1.022602
 700.000000 1.286960
 701.000000 1.297740
 702.000000 1.626458
 703.000000 1.421808
 704.000000 1.169146
 705.000000 1.191355
 706.000000 1.682295
 707.000000 1.238430
 708.000000 1.673763
 709.000000 1.016449
 710.000000 1.231899
 711.000000 1.356824
 712.000000 1.296732
 713.000000 0.881619
 714.000000 1.135900
 715.000000 1.112400
 716.000000 1.107072
 717.000000 1.322967
 718.000000 1.055071
 719.000000 1.344403
 720.000000 1.617637
 721.000000 1.047755
 722.000000 1.206232
 723.000000 1.937229
 724.000000 1.772518
 725.000000 1.368673
 726.000000 1.468055
 727.000000 3.070726
 728.000000 1.545471
 729.000000 1.664354
 730.000000 1.203018
 731.000000 1.117114
 732.000000 1.485283
 733.000000 0.901408
 734.000000 1.317228
 735.000000 1.413354
 736.000000 1.320452
 737.000000 1.078966
 738.000000 1.539114
 739.000000 1.550367
 740.000000 1.278998
 741.000000 1.534025
 742.000000 1.894607
 743.000000 1.300967
 744.000000 2.189707
 745.000000 1.398503
 746.000000 1.835635
 747.000000 1.917842
 748.000000 1.975128
 749.000000 1.724416
 750.000000 1.556504
 751.000000 3.025472
 752.000000 2.088687
 753.000000 1.411817
 754.000000 2.310498
 755.000000 1.608438
 756.000000 2.016019
 757.000000 2.150061
 758.000000 1.973802
 759.000000 1.850611
 760.000000 2.754214
 761.000000 2.665699
 762.000000 2.379253
 763.000000 2.047681
 764.000000 2.038856
 765.000000 3.431348
 766.000000 3.319532
 767.000000 3.391465
 768.000000 3.154167
 769.000000 3.672535
 770.000000 3.437289
 771.000000 3.268919
 772.000000 3.205736
 773.000000 3.191399
 774.000000 3.249689
 775.000000 3.274391
 776.000000 3.075338
 777.000000 3.478958
 778.000000 3.254295
 779.000000 3.235761
 780.000000 3.168742
 781.000000 3.317827
 782.000000 3.266427
 783.000000 3.506122
 784.000000 3.171980
 785.000000 3.283722
 786.000000 3.397308
 787.000000 1.736099
 788.000000 3.282606
 789.000000 3.198959
 790.000000 3.366278
 791.000000 3.213555
 792.000000 3.177901
 793.000000 3.072291
 794.000000 3.435470
 795.000000 3.230405
 796.000000 3.540000
 797.000000 3.617452
 798.000000 3.334070
 799.000000 3.688478
 800.000000 3.663351
 801.000000 2.504642
 802.000000 1.687318
 803.000000 2.051101
 804.000000 3.266320
 805.000000 3.552447
 806.000000 3.225726
 807.000000 3.413769
 808.000000 3.445574
 809.000000 3.444554
 810.000000 3.527678
 811.000000 3.542147
 812.000000 3.458282
 813.000000 3.457022
 814.000000 3.445081
 815.000000 3.491917
 816.000000 3.355601
 817.000000 3.527988
 818.000000 3.454496
 819.000000 3.833598
 820.000000 3.515916
 821.000000 2.816071
 822.000000 0.977853
 823.000000 1.541333
 824.000000 0.914089
 825.000000 1.106361
 826.000000 0.577013
 827.000000 0.841742
 828.000000 0.920377
 829.000000 1.946991
 830.000000 1.045193
 831.000000 0.453219
 832.000000 0.455874
 833.000000 0.456807
 834.000000 0.399827
 835.000000 0.493521
 836.000000 0.597689
 837.000000 0.421147
 838.000000 0.464163
 839.000000 0.521621
 840.000000 1.119496
 841.000000 0.716249
 842.000000 1.173218
 843.000000 1.384318
 844.000000 1.611919
 845.000000 1.079023
 846.000000 1.809520
 847.000000 2.187158
 848.000000 1.965666
 849.000000 1.905613
 850.000000 1.092608
 851.000000 0.470129
 852.000000 0.613580
 853.000000 0.449481
 854.000000 0.421169
 855.000000 0.373370
 856.000000 0.397682
 857.000000 0.442423
 858.000000 0.360896
 859.000000 0.299007
 860.000000 0.448386
 861.000000 0.658095
 862.000000 0.793271
 863.000000 0.579338
 864.000000 0.395947
 865.000000 0.735895
 866.000000 0.839194
 867.000000 0.484207
 868.000000 0.541779
 869.000000 0.449339
 870.000000 0.677233
 871.000000 0.698629
 872.000000 0.615199
 873.000000 0.838526
 874.000000 0.878964
 875.000000 0.997370
 876.000000 1.102832
 877.000000 0.954088
 878.000000 0.644407
 879.000000 1.073549
 880.000000 0.956176
 881.000000 1.421183
 882.000000 1.058722
 883.000000 1.262481
 884.000000 1.234930
 885.000000 1.220049
 886.000000 1.285646
 887.000000 1.287194
 888.000000 1.023078
 889.000000 1.027219
 890.000000 1.183367
 891.000000 1.185121
 892.000000 0.748457
 893.000000 1.072176
 894.000000 1.176715
 895.000000 1.305179
 896.000000 1.065445
 897.000000 1.062554
 898.000000 1.124324
 899.000000 1.245135
 900.000000 1.146786
 901.000000 0.926855
 902.000000 0.908672
 903.000000 1.223298
 904.000000 1.172657
 905.000000 0.957759
 906.000000 1.329349
 907.000000 0.987429
 908.000000 0.966464
 909.000000 1.193565
 910.000000 1.177488
 911.000000 0.666619
 912.000000 1.067402
 913.000000 2.588909
 914.000000 2.698653
 915.000000 2.286464
 916.000000 2.456721
 917.000000 2.520875
 918.000000 1.279285
 919.000000 2.294781
 920.000000 2.580398
 921.000000 0.901361
 922.000000 1.603808
 923.000000 2.026504
 924.000000 2.183630
 925.000000 1.945266
 926.000000 2.384510
 927.000000 0.799073
 928.000000 1.873487
 929.000000 1.455141
 930.000000 1.335617
 931.000000 1.212845
 932.000000 1.238552
 933.000000 1.213205
 934.000000 1.066144
 935.000000 1.794121
 936.000000 1.461659
 937.000000 2.115158
 938.000000 1.463035
 939.000000 2.170563
 940.000000 1.254817
 941.000000 1.104146
 942.000000 0.644042
 943.000000 0.481457
 944.000000 0.181682
 945.000000 0.255878
 946.000000 0.546117
 947.000000 0.502100
 948.000000 0.691542
 949.000000 0.743132
 950.000000 1.216563
 951.000000 0.448142
 952.000000 1.157900
 953.000000 0.970928
 954.000000 1.302476
 955.000000 0.640197
 956.000000 0.480679
 957.000000 0.307224
 958.000000 0.237474
 959.000000 0.267438
 960.000000 0.305987
 961.000000 0.352891
 962.000000 0.497354
 963.000000 0.363761
 964.000000 0.495738
 965.000000 0.364183
 966.000000 0.495600
 967.000000 0.315573
 968.000000 0.356690
 969.000000 0.276450
 970.000000 0.372129
 971.000000 0.278884
 972.000000 0.266010
 973.000000 0.366983
 974.000000 0.275331
 975.000000 0.393472
 976.000000 0.316289
 977.000000 0.313012
 978.000000 0.351119
 979.000000 0.296433
 980.000000 0.329003
 981.000000 0.409366
 982.000000 0.361840
 983.000000 0.441812
 984.000000 0.513666
 985.000000 0.740678
 986.000000 0.325067
 987.000000 0.615157
 988.000000 0.442167
 989.000000 0.470871
 990.000000 0.486425
 991.000000 0.488896
 992.000000 0.207523
 993.000000 0.240807
 994.000000 0.437591
 995.000000 0.506458
 996.000000 0.391824
 997.000000 0.324385
 998.000000 0.420414
